$ANSIBLE_VAULT;1.1;AES256
31626466646234313632343263333863626265646433383364653432343134643537303131396163
6433363835373735636465326563343764616634363537620a393038623763633531326363373964
65636630666535363964373761656265313134626438613166636561363537623762346265656134
6533353831663862370a363336656665643961623565323865353461313431613462636132613232
32663961613837353136316362323162623766663734646166613161393963303464623836313238
31343866663834356439643136303138613862363062643734616666633538343435633132313438
31643638393832363034353535656133376330386137323039313230333532616263636432643161
39633461363230326465323039343166386133366566353337306430353037613036616132356233
38643836323863356636346337383834613831396238653934653931396565363830393038646435
65343561316562643961316533663635383466383165363066626334313062623064343532633639
33343236626236306166376138316339626232353133623063663238386234663330313831656238
63646263346162393865323866663833373066613436363334383165623832616532663063623637
38613238353339376232373864353035666139646439643732363034303665303031626164353637
38356234313265643439663161393465633931356261383361636139323333366163616139366237
34326363326263613239306565643661376636653861393339313031626433396632636663663438
34306334656130643163346636353638316263346139663033356433366436656139653936333036
61326531366664343032616536653132346536313332666339336366643561653466343731373035
66613362303439616339626232316332396363363935353534316261323134386133633165353939
31373431663866626265316137373937663433353638643431333762643036396634333362366133
64376432363430666231333036343033336535353937346135376638313965303961346163316133
31636133396362656663653537623564383933393731656433376364313536653365666432306635
3466343762303563636235333566623232613432303837646562